#----------------------------------------------------------------------------------------------------------------------------------------------#
#                                       Numericko resenje za laminarni granicni sloj na ploci: f''' + f f'' = 0                                #
#----------------------------------------------------------------------------------------------------------------------------------------------#
#        ETA                                        f                                      f'                                     f"           #
#----------------------------------------------------------------------------------------------------------------------------------------------#
0.000000000000000000e+00		0.000000000000000000e+00		0.000000000000000000e+00	4.695999727496619758e-01
6.060606060606060774e-01		        8.609450268199847489e-02		        2.833731291684502551e-01		4.614959667718018244e-01
1.212121212121212155e+00		3.402965501899343215e-01	 	        5.502129456446033240e-01		4.088918124049564229e-01
1.818181818181818343e+00		7.427590823171872358e-01		        7.664837023978664510e-01		2.964526324297902526e-01
2.424242424242424310e+00		1.253420372464390420e+00		9.050671415966499156e-01		1.625886312825077229e-01
3.030303030303030276e+00		1.824963744862195147e+00		9.710513291409050840e-01		6.409602964521854407e-02
3.636363636363636687e+00		2.421707832195376664e+00		9.935610036908641973e-01		1.771102679210784236e-02
4.242424242424242209e+00		3.025932763957321914e+00		9.989721383396805710e-01		3.399224311204378842e-03
4.848484848484848619e+00		3.631732709029221962e+00		9.998833617879422375e-01		4.520777154097927147e-04
5.454545454545455030e+00		4.237766856804534576e+00		9.999906481335198993e-01		4.164278862722807463e-05
6.060606060606060552e+00		4.843825553502013825e+00		9.999994725900633874e-01		2.655759836175085144e-06
6.666666666666666963e+00		5.449886062077277771e+00		9.999999791039511088e-01		1.178241337145397520e-07
7.272727272727273373e+00		6.055946664648007349e+00		9.999999994575270446e-01		3.812953824852407538e-09
7.878787878787878896e+00		6.662007270645109003e+00		1.000000000150560009e+00	-4.364218187114485643e-10
8.484848484848484418e+00		7.268067876750017753e+00		1.000000000112432952e+00	-4.075329805380798270e-10
9.090909090909091717e+00		7.874128482832687403e+00		1.000000000009584777e+00	-1.639520086351131088e-10
9.696969696969697239e+00		8.480189088890481841e+00		1.000000000005423884e+00	-1.366537625515705221e-10
1.030303030303030276e+01		9.086249694948064004e+00		1.000000000003995915e+00	-1.182359726473063867e-10
1.090909090909091006e+01		9.692310301005647943e+00		1.000000000002568168e+00	-9.981818274304221254e-11
1.151515151515151558e+01		1.029837090706323188e+01		1.000000000001140421e+00	-8.140039283877807713e-11
